100_cropped.jpg 415,304,437,328,0 308,465,324,478,0 279,503,296,518,0 273,354,287,366,0 93,322,106,335,0 488,272,560,315,1 854,55,883,76,1 990,326,1006,341,1
101_cropped.jpg 311,318,335,341,0 151,478,160,488,0 110,509,121,522,0 157,362,168,375,0 391,283,467,330,1 849,85,879,105,1 874,363,892,380,1
102_cropped.jpg 211,311,236,334,0 755,358,773,373,1 846,73,874,93,1 791,110,806,123,1
103_cropped.jpg 100,298,124,321,0 191,264,270,310,1 171,220,196,238,1 801,47,830,66,1 627,333,639,344,1 744,97,757,109,1 741,86,750,97,1
104_cropped.jpg 1,306,15,327,0 85,269,186,317,1 761,62,787,82,1 494,345,512,359,1 587,495,602,509,1 962,206,978,222,1
106_cropped.jpg 368,241,386,255,0 341,146,377,169,1 679,159,724,184,1 98,181,148,204,1
107_cropped.jpg 927,202,950,214,0 70,277,104,301,1 80,431,99,446,1 700,256,747,288,1
120_cropped.jpg 874,221,893,235,0 688,605,727,627,1 615,285,676,313,1 1,295,16,315,1 17,460,33,475,1
121_cropped.jpg 806,230,829,243,0 982,170,1001,182,0 537,294,587,322,1 1001,219,1024,238,1 511,631,562,649,1 94,421,114,438,1
122_cropped.jpg 941,168,952,179,0 744,230,767,241,0 440,289,494,316,1 837,182,855,202,1 650,318,697,344,1
123_cropped.jpg 910,187,928,198,0 697,247,718,262,0 254,469,277,481,0 369,312,423,338,1 368,503,409,523,1
124_cropped.jpg 304,471,328,487,0 490,320,514,335,0 652,357,667,373,0 447,428,489,456,1 571,285,604,306,1
125_cropped.jpg 441,346,457,365,0 587,380,605,397,0 203,501,227,515,0 369,461,402,485,1 109,428,148,456,1 529,312,563,337,1
126_cropped.jpg 209,484,228,492,0 485,333,498,342,0 620,366,631,376,0 370,439,407,469,1 578,298,601,313,1 140,405,163,428,1
127_cropped.jpg 484,496,497,504,0 400,320,410,328,0 609,261,620,269,0 578,520,604,540,1 383,460,415,481,1 207,370,231,392,1
128_cropped.jpg 341,522,356,532,0 313,332,325,340,0 330,349,338,356,0 342,380,348,386,0 393,383,401,390,0 427,197,439,206,0 544,268,553,277,0 432,555,458,578,1
129_cropped.jpg 194,564,208,575,0 223,356,236,366,0 235,405,244,413,0 235,373,243,383,0 284,411,295,421,0 383,213,397,222,0 479,285,485,297,0 272,599,301,624,1
130_cropped.jpg 523,258,581,306,0 381,504,396,521,0 78,579,88,592,0 108,438,117,449,0 419,631,502,680,1 594,140,626,164,1
131_cropped.jpg 612,331,627,341,0
136_cropped.jpg 738,326,755,341,0
144_cropped.jpg 24,374,37,386,0 340,353,363,371,1 386,104,402,116,1 395,112,419,127,1 645,94,673,112,1 571,126,585,144,1 455,36,473,49,1 382,47,398,60,1 1,214,30,228,1
145_cropped.jpg 188,385,204,398,0 422,202,434,214,0 450,103,466,119,1 463,112,483,126,1 492,32,512,51,1 703,91,730,107,1 103,219,130,237,1 1,85,20,102,1 499,356,522,370,1
146_cropped.jpg 324,387,339,401,0 635,362,667,391,1 769,94,789,115,1 505,102,540,129,1 524,38,547,51,1
147_cropped.jpg 353,546,369,566,0 503,472,516,484,0 173,419,183,429,0 175,452,184,462,0 393,525,423,544,0 396,348,530,434,1 414,452,448,478,1 535,502,557,537,1 542,480,588,510,1
148_cropped.jpg 70,520,97,553,0 1,482,15,505,0 560,547,595,568,0 252,566,271,580,0 299,466,310,478,0 283,421,298,432,0 677,489,691,501,0 525,346,675,446,1 563,466,604,498,1 717,518,745,565,1 298,665,327,682,1 717,490,767,521,1
149_cropped.jpg 202,540,230,577,0 117,502,131,518,0 142,470,158,484,0 752,559,782,579,0 837,534,848,545,0 850,492,860,501,0 407,424,422,437,0 438,474,449,486,0 664,341,810,432,1 905,518,934,562,1 899,554,956,574,1 889,493,955,529,1 724,469,778,507,1 914,426,968,454,1
150_cropped.jpg 422,483,452,520,0 308,446,323,462,0 324,405,335,420,0 598,342,608,359,0 643,395,658,410,0 714,333,726,344,0 238,630,248,642,0 283,549,290,558,0 344,545,354,555,0 395,557,402,566,0 497,592,507,601,0 1,470,5,477,0 847,231,1014,336,1 948,369,1004,401,1 635,505,718,543,1 790,641,823,667,1 997,462,1024,495,0
168_cropped.jpg 602,448,633,489,0 740,287,752,302,0 468,414,482,430,0 469,372,480,385,0 527,343,537,356,0 807,340,821,355,0 942,374,957,387,0 967,375,982,390,0 714,572,725,585,0 24,567,36,577,0 21,586,32,601,0 447,623,459,636,0 541,528,551,541,0 474,536,482,546,0 30,339,42,353,0 67,340,76,350,0 130,451,140,462,0 188,514,196,521,0 858,267,871,276,0 843,475,928,503,1 673,360,726,388,1 956,152,1024,288,1
17_cropped.jpg 335,254,414,326,0
187_cropped.jpg 880,522,919,562,0 972,335,991,348,0 729,480,745,496,0 722,429,731,445,0 376,521,390,534,0 242,405,260,419,0 297,651,314,667,0 662,237,675,247,0 771,610,782,622,0 837,604,848,616,0 1,105,65,164,1
188_cropped.jpg 431,440,482,492,0
18_cropped.jpg 537,375,623,437,0
195_cropped.jpg 329,357,369,397,0
198_cropped.jpg 546,284,567,307,0 726,238,746,256,0 377,418,405,442,0
199_cropped.jpg 466,302,501,325,0
19_cropped.jpg 748,433,814,476,0
1_cropped.jpg 796,1488,831,1515,0
200_cropped.jpg 722,315,792,365,0 430,595,446,608,0
201_cropped.jpg 560,388,582,404,0
202_cropped.jpg 463,372,489,391,0
203_cropped.jpg 363,324,412,380,0 115,421,130,437,0
204_cropped.jpg 533,400,569,462,0 87,471,104,491,0 236,532,265,551,0
205_cropped.jpg 511,427,608,487,0 408,544,434,569,0 458,427,475,444,0
206_cropped.jpg 695,464,767,523,0 641,493,662,511,1
20_cropped.jpg 920,418,993,484,0
211_cropped.jpg 935,375,1024,471,0
217_cropped.jpg 636,322,667,347,0
218_cropped.jpg 595,358,642,394,0
219_cropped.jpg 171,320,235,370,0
21_cropped.jpg 1044,333,1121,384,0
220_cropped.jpg 238,320,296,375,0
221_cropped.jpg 284,336,352,406,0
222_cropped.jpg 589,391,676,483,0
223_cropped.jpg 605,391,707,497,0
224_cropped.jpg 635,402,694,454,0
225_cropped.jpg 529,428,570,474,0
226_cropped.jpg 562,412,615,467,0
227_cropped.jpg 639,379,738,472,0
228_cropped.jpg 556,404,588,440,0
22_cropped.jpg 1114,201,1201,246,0
230_cropped.jpg 668,383,707,420,0
231_cropped.jpg 829,281,855,310,0
232_cropped.jpg 505,392,581,428,0
233_cropped.jpg 495,400,577,440,0
234_cropped.jpg 539,417,597,449,0
235_cropped.jpg 753,397,785,425,0 301,341,334,372,0 1,117,89,457,2
236_cropped.jpg 794,411,819,434,0 310,357,344,384,0 671,457,680,467,1
239_cropped.jpg 467,362,565,443,0 620,374,632,385,0 466,542,479,554,0 707,637,717,651,0
23_cropped.jpg 1223,61,1314,114,0
240_cropped.jpg 320,439,406,525,0 481,446,488,453,0
241_cropped.jpg 570,342,602,375,0 850,128,865,139,0
242_cropped.jpg 509,293,533,318,0 591,117,603,128,0
243_cropped.jpg 154,95,184,118,0 288,67,317,90,0 558,90,584,110,0 896,135,927,149,0 637,93,681,119,1
246_cropped.jpg 293,70,320,91,0 158,104,184,123,0 559,94,586,121,0 888,135,929,165,0 637,96,688,120,1
247_cropped.jpg 772,78,800,99,0 102,1,120,15,1 638,93,653,108,1
248_cropped.jpg 773,67,809,96,0 110,1,140,11,1
24_cropped.jpg 1350,161,1431,195,0
253_cropped.jpg 766,165,813,207,0 268,100,307,131,0 427,123,466,149,0 537,122,591,147,1 583,161,617,182,1
254_cropped.jpg 570,244,606,283,0 400,252,441,289,0 59,75,74,92,1 83,116,101,132,1 135,161,154,174,1 223,57,245,71,1 640,142,662,158,1 701,214,720,229,1 799,323,822,343,1
255_cropped.jpg 578,257,602,285,0 408,253,442,289,0 802,331,819,350,1 707,223,726,243,1 648,150,666,166,1 72,80,94,98,1 91,119,109,136,1 127,93,143,106,1 240,60,258,76,1
256_cropped.jpg 569,249,610,286,0 408,253,443,288,0 75,65,104,88,1 95,111,118,129,1 245,52,266,68,1 253,70,273,85,1
257_cropped.jpg 600,253,633,289,0 430,249,459,281,0 821,335,837,352,1 683,144,701,162,1 119,57,136,72,1 138,100,151,116,1 128,87,146,100,1 281,44,294,57,1
258_cropped.jpg 947,291,982,328,0 767,263,797,292,0 360,132,390,155,1 512,92,525,105,1 501,55,522,74,1 650,54,671,69,1
259_cropped.jpg 956,282,989,317,0 779,258,803,285,0 509,54,530,75,1 512,83,541,108,1 369,126,399,154,1 660,46,679,62,1
25_cropped.jpg 1412,282,1499,335,0
260_cropped.jpg 752,258,784,290,0 934,281,964,316,0 526,131,556,158,0 364,123,382,146,1 504,92,519,108,1 502,53,517,74,1 650,47,671,65,1
261_cropped.jpg 900,287,947,327,0 731,261,773,302,0 505,129,538,160,0 492,56,505,75,1 491,94,507,113,1 637,56,654,71,1 348,128,367,149,1 99,164,119,176,1
262_cropped.jpg 484,220,524,254,0 333,212,377,242,0 407,641,430,663,1 462,564,491,596,1 586,126,619,146,1 271,44,295,62,1 234,82,255,101,1 31,115,55,135,1 628,291,646,312,1 646,341,676,367,1 695,207,710,227,1 704,136,718,154,1
263_cropped.jpg 373,209,405,234,0 517,220,559,250,0 312,38,335,59,1 458,31,478,47,1 273,77,294,96,1 81,110,101,131,1 659,287,678,305,1 730,200,745,218,1 745,133,758,157,1 431,639,453,659,1
264_cropped.jpg 206,446,261,480,0 877,435,918,460,0 918,471,956,497,0 796,228,824,248,0 650,204,675,225,1 605,33,629,50,1 569,67,588,85,1 540,101,559,116,1 390,93,411,110,1
265_cropped.jpg 794,238,820,262,0 872,444,899,468,0 908,477,933,502,0 210,449,252,485,0 655,215,672,233,1 623,43,638,64,1 646,59,665,76,1 761,41,776,57,1 575,77,596,98,1 395,100,414,118,1 922,323,953,346,1 948,381,984,414,1
266_cropped.jpg 690,174,713,191,0 300,241,326,263,0 375,613,499,647,1 507,542,532,561,1 454,539,478,556,1 942,198,958,212,1 586,157,599,174,1 659,68,678,83,1 756,41,776,58,1 593,90,607,103,1
267_cropped.jpg 635,155,669,181,0 246,221,277,251,0 708,25,730,43,1 835,29,859,46,1 540,139,550,152,1
268_cropped.jpg 752,189,795,230,0 458,150,502,186,0 347,245,396,281,0 619,465,646,486,0 843,24,871,46,1 922,310,971,332,1
269_cropped.jpg 584,474,634,507,0 729,213,765,242,0 445,162,478,190,0 498,1,523,14,0 898,333,932,354,1 883,257,905,278,1 382,188,398,205,1 403,154,427,173,1 394,636,418,654,1
26_cropped.jpg 1469,382,1552,422,0
270_cropped.jpg 462,243,515,311,0 653,567,698,600,0 108,28,145,50,1 199,104,224,122,1 722,186,748,209,1 521,391,558,416,1 35,271,239,397,1 131,208,171,270,1 596,193,608,209,1
271_cropped.jpg 398,232,443,282,0 609,538,646,579,0 83,187,118,253,1 1,256,181,353,1 472,358,509,391,1 634,166,671,187,1 515,162,550,182,1 29,28,69,52,1 131,102,162,118,1
272_cropped.jpg 495,453,556,493,0 518,226,585,273,0 977,132,1002,161,1 658,604,677,626,1 41,112,67,135,1
273_cropped.jpg 498,220,571,259,0 470,455,530,501,0 953,132,975,162,1 15,124,52,169,1
274_cropped.jpg 482,565,553,614,0
275_cropped.jpg 502,557,574,607,0
276_cropped.jpg 329,305,382,359,0 440,95,484,133,1
277_cropped.jpg 406,330,463,381,0 509,111,550,152,1
278_cropped.jpg 244,313,369,442,0 750,520,773,570,1 754,480,783,510,1 253,196,281,236,1 273,115,301,158,1 196,163,216,186,1 41,303,57,325,1
279_cropped.jpg 295,340,419,463,0 809,504,836,565,1 437,451,486,483,1 289,210,317,240,1 301,121,332,157,1 223,169,250,200,1 76,318,103,339,1
27_cropped.jpg 1470,222,1555,267,0
280_cropped.jpg 450,399,485,436,0 547,440,571,464,0 582,496,611,525,0 604,146,634,178,0 58,114,76,144,0 1,121,31,151,0 142,81,179,109,0 19,266,48,296,0 338,403,389,451,1 302,403,324,434,1 274,387,291,413,1 768,64,822,95,1
281_cropped.jpg 374,393,404,433,0 512,133,547,161,0 518,99,539,120,0 51,77,82,101,0 261,401,311,448,1 224,405,243,426,1 196,390,218,412,1 670,52,745,82,1
282_cropped.jpg 391,407,423,449,0 548,69,583,99,0 544,19,566,41,0 515,447,540,469,0 227,426,284,475,1 176,421,198,450,1 135,406,165,429,1
283_cropped.jpg 391,437,430,475,0 542,92,577,137,0 542,25,565,56,0 105,61,141,92,0 524,477,549,501,0 576,554,603,589,0 233,440,288,500,1 189,444,212,466,1 254,44,276,70,1
284_cropped.jpg 39,503,61,536,0 473,141,508,173,0 744,141,773,173,0 850,564,922,613,1 807,609,986,638,1 807,558,835,579,1 771,531,801,557,1 432,344,468,365,1 449,326,500,352,1
285_cropped.jpg 890,647,930,681,0 437,193,470,217,0 319,231,358,265,0 727,650,789,682,1 667,646,707,672,1 628,625,655,652,1 289,431,321,457,1
286_cropped.jpg 229,333,266,372,0 963,365,1010,407,0 957,315,982,339,0 513,341,543,367,0 207,543,245,572,1
287_cropped.jpg 286,370,334,420,0 278,320,314,353,0 486,263,563,303,1 896,237,926,269,1 779,87,820,110,1 634,95,696,121,1
288_cropped.jpg 82,429,114,459,0 62,372,96,400,0 678,263,710,306,1 280,303,356,339,1 399,126,472,152,1 543,116,602,139,1 635,492,654,508,1 582,504,604,526,1 82,471,102,487,1
289_cropped.jpg 758,271,801,310,0 749,562,801,589,0 913,398,945,424,0 310,497,335,519,1 376,446,430,472,1 322,249,359,272,1 186,103,223,126,1 36,121,101,144,1 828,396,854,416,1 869,469,899,492,1
28_cropped.jpg 1418,41,1512,90,0
290_cropped.jpg 780,556,841,590,0 791,249,833,295,0 945,387,986,423,0 351,231,385,257,1 208,85,244,111,1 53,98,127,122,1 348,475,373,491,1 291,487,326,511,1
291_cropped.jpg 721,262,754,297,0 884,395,922,425,0 708,548,774,599,0 271,468,289,489,1 216,485,248,508,1 209,434,224,457,1 407,431,429,452,1 359,431,381,448,1 274,233,300,259,1 122,79,163,103,1 1,95,32,115,1
292_cropped.jpg 617,538,672,577,0 610,254,650,290,0 774,394,814,425,0 165,226,200,254,1 925,341,950,367,1 932,308,958,333,1 926,175,959,203,1 712,118,733,139,1 161,475,181,491,1 109,487,127,507,1
293_cropped.jpg 767,488,829,532,0 932,329,962,353,0 750,185,798,233,0 286,151,312,178,1 119,1,166,17,1 1,13,29,39,1 154,178,176,202,1
294_cropped.jpg 809,463,863,505,0 952,304,997,336,0 770,159,814,197,0 310,132,342,162,1 407,344,455,382,1
295_cropped.jpg 742,144,764,167,0 819,204,848,236,0 769,271,798,300,0 780,496,810,536,0 282,395,321,422,0 363,397,391,427,0 398,440,426,469,0 286,180,305,200,0 924,133,942,155,1 884,166,901,186,1 961,104,980,121,1 991,202,1004,212,1 970,178,995,189,1 765,398,778,413,1 547,130,558,143,1 412,67,438,81,1 471,59,491,76,1 206,403,237,443,1 181,407,191,433,1 156,412,171,425,1 69,205,86,220,1
296_cropped.jpg 841,213,877,249,0 830,75,859,105,0 845,439,871,468,1 276,308,302,343,1 241,318,260,331,1 224,308,235,323,1 450,56,486,83,1 71,39,133,57,1 983,115,1004,135,1 362,117,387,137,0 39,80,57,94,0
297_cropped.jpg 845,205,880,237,0 822,62,850,94,0 905,137,934,169,0 344,299,382,337,0 857,434,879,458,1 357,115,380,133,0 26,87,49,103,0 434,321,451,338,0 471,357,486,373,0 683,353,696,368,0 757,385,772,396,0 742,416,754,434,0
298_cropped.jpg 337,190,383,231,0 9,609,46,641,0 22,647,58,682,0 381,427,409,447,1 386,404,409,430,1 691,340,709,359,0 728,532,752,555,0 391,498,414,523,0 187,581,202,599,0 427,158,458,178,0 714,375,774,424,0 864,389,919,423,0
299_cropped.jpg 108,609,144,653,0 434,197,475,235,0 515,161,559,190,0 484,434,503,458,1 822,387,875,432,0 788,349,809,376,0 967,403,1017,442,0 705,217,732,242,0
29_cropped.jpg 1378,44,1476,101,0
2_cropped.jpg 1233,1493,1276,1548,0
300_cropped.jpg 516,213,552,248,0 194,625,227,668,0 606,172,641,205,0 1,257,32,295,0 570,472,594,495,1 569,450,593,477,1 604,457,637,480,1 455,323,499,344,1 800,226,824,251,0
301_cropped.jpg 240,148,327,197,0 264,487,294,517,0 246,501,275,529,0
302_cropped.jpg 350,209,421,247,0 377,538,410,566,0 361,549,390,577,0
303_cropped.jpg 316,246,392,283,0 343,603,378,629,0 324,616,352,640,0
304_cropped.jpg 326,238,396,277,0 345,589,379,617,0 327,603,355,628,0
305_cropped.jpg 326,358,386,388,0 255,548,290,573,0 239,559,269,583,0 899,216,963,271,1
306_cropped.jpg 723,117,838,177,0 493,229,534,262,0 546,266,578,297,0 193,232,230,264,0 281,222,325,259,0 940,111,960,137,1 716,228,763,250,1 336,475,374,507,1 554,454,627,487,1
307_cropped.jpg 728,140,827,194,0 727,185,759,205,0 722,250,745,284,0 551,297,586,329,0 549,158,586,181,0 499,261,531,290,0 481,123,512,153,0 337,507,391,540,1 203,264,230,290,1
308_cropped.jpg 637,341,759,388,0 642,441,665,465,1 844,340,873,363,1 135,460,153,482,1
309_cropped.jpg 576,304,638,356,0 110,403,166,445,0 191,280,239,314,1
30_cropped.jpg 1418,250,1516,290,0
310_cropped.jpg 145,424,194,462,0 506,393,545,419,0 622,325,666,353,0 222,299,269,325,1
311_cropped.jpg 367,369,466,428,0 784,176,818,213,0 666,531,717,584,0 614,195,655,234,1 90,299,119,321,1 270,528,301,572,1 427,547,481,572,1
312_cropped.jpg 326,377,413,426,0 749,187,792,227,0 625,561,667,610,0 583,210,627,248,1 663,29,723,60,1 373,572,435,600,1 218,552,247,594,1 55,293,79,313,1
313_cropped.jpg 218,544,308,609,0 650,352,688,389,0 483,368,530,407,1 581,218,637,239,1
314_cropped.jpg 298,324,402,380,0 762,129,804,165,0 587,504,642,562,0 592,146,635,185,1 330,525,383,550,1 166,502,196,535,1 42,259,64,281,1
315_cropped.jpg 566,193,617,229,0 663,285,692,320,0 704,130,727,148,1 310,598,339,620,0
316_cropped.jpg 579,198,625,227,0 671,287,702,318,0 713,134,737,156,1 715,404,740,425,1 762,260,788,281,1 297,592,330,624,0
317_cropped.jpg 889,623,917,656,0 911,619,957,653,0 70,338,127,375,0 117,457,151,489,0 777,78,815,118,0 393,227,411,245,0 970,369,1003,400,0 578,465,628,507,0 305,237,334,260,1 702,518,837,608,1 450,145,477,162,1 908,513,924,535,1 54,650,83,682,1 315,570,342,595,1 354,567,404,587,1 550,245,575,297,1 461,256,495,284,1 16,118,35,137,1 13,298,31,315,1
318_cropped.jpg 721,542,796,594,0 207,335,250,369,0 659,326,807,452,1 694,185,748,221,1 935,458,961,480,1 874,392,896,415,1 680,579,719,606,1 615,525,650,577,1 430,12,454,34,1 488,54,501,69,1 809,519,825,539,1 888,513,1024,587,1 750,467,778,534,1
319_cropped.jpg 190,313,229,345,0 691,518,768,574,0 673,160,718,200,0 912,428,940,446,1 871,480,996,560,1 853,366,875,385,1 580,509,630,562,1 649,564,691,589,1 255,620,440,682,1 643,292,801,426,1 781,495,810,521,1 826,268,844,288,1 466,26,485,45,1
31_cropped.jpg 1457,388,1546,437,0
320_cropped.jpg 662,311,707,341,0 755,588,788,628,0 274,595,298,618,0 922,323,954,352,1 576,380,596,402,1 610,426,624,444,1 730,3,752,21,1 1,1,537,25,2
321_cropped.jpg 726,541,767,583,0 648,272,691,309,0 257,548,282,578,0 911,288,940,312,1 556,346,581,365,1 591,395,605,406,1 674,55,697,69,1
322_cropped.jpg 808,405,854,461,0 302,233,366,271,0 214,534,279,577,0 227,355,348,452,1 129,510,173,564,1 167,568,205,593,1 352,498,448,569,1 622,536,658,571,1 165,74,177,95,1
323_cropped.jpg 579,1,654,35,0 264,534,318,577,0 122,68,160,93,1
324_cropped.jpg 382,317,430,351,0 790,425,815,453,0 712,54,746,85,0 186,563,214,596,0 138,397,185,427,0 450,239,537,301,1 578,411,607,434,1 922,87,949,111,1 522,320,541,339,1 540,300,550,314,1 334,328,352,345,1 599,87,622,104,1 248,514,286,544,1 321,444,362,484,1 455,472,470,485,1 515,612,537,631,1 342,285,381,325,1
325_cropped.jpg 134,533,162,558,0 114,353,150,389,0 353,282,388,309,0 731,391,770,433,0 536,378,562,401,1 893,86,914,106,1 584,73,607,90,1 304,288,319,304,1 212,477,253,506,1 425,212,496,264,1 486,290,503,311,1 496,272,516,283,1 285,408,319,444,1 309,252,361,280,1
326_cropped.jpg 321,305,362,336,0 651,72,693,101,0 522,191,558,220,0 679,396,719,429,0 86,553,119,584,0 497,382,525,405,1 389,239,463,291,1 850,105,870,128,1 176,489,213,523,1 273,316,287,337,1 454,313,471,329,1 468,288,478,305,1 416,559,438,578,1 253,416,285,458,1 545,94,566,112,1 618,26,636,41,1 376,443,390,457,1 278,280,330,312,1
327_cropped.jpg 661,359,698,402,0 310,285,349,311,0 630,51,670,85,0 81,532,116,570,0 275,377,312,406,0 473,356,504,382,1 371,217,445,269,1 435,286,448,303,1 445,267,458,279,1 266,296,271,314,1 822,79,843,100,1 176,469,214,496,1 401,526,419,541,1 476,654,516,682,1 362,420,371,431,1 245,401,283,433,1 499,172,538,200,0 527,91,546,105,1 262,256,319,292,1
328_cropped.jpg 198,355,266,397,0 810,495,858,545,0 110,493,174,542,0 601,183,649,228,0 481,476,514,507,1 337,262,474,334,1 435,367,453,390,1 459,339,474,354,1 99,382,125,405,1 142,328,195,357,1 705,28,733,44,1 58,546,104,581,1 240,567,258,583,1 275,351,339,428,1
329_cropped.jpg 597,394,635,424,0
32_cropped.jpg 1448,263,1537,314,0
331_cropped.jpg 830,505,891,570,1 377,364,412,402,0
332_cropped.jpg 467,181,487,200,0 612,265,639,297,1
333_cropped.jpg 21,223,60,251,0 767,180,890,228,1
334_cropped.jpg 464,95,487,113,0 791,126,827,162,1 419,26,435,38,1
335_cropped.jpg 208,113,238,135,0 427,147,490,175,1 317,47,332,59,1
336_cropped.jpg 446,85,466,107,0 548,107,595,128,1 752,45,775,60,1
337_cropped.jpg 521,7,538,20,0 568,14,594,30,1
338_cropped.jpg 521,31,538,47,0 575,41,606,55,1 701,5,717,17,1
339_cropped.jpg 575,325,607,355,0 445,12,471,27,1
33_cropped.jpg 1470,103,1582,152,0
340_cropped.jpg 548,427,578,463,0 465,225,500,254,0
341_cropped.jpg 510,214,540,246,0 622,414,645,446,0
342_cropped.jpg 430,149,453,176,0
343_cropped.jpg 551,300,598,336,0 464,311,494,341,0 519,315,543,340,0
344_cropped.jpg 503,312,533,344,0
345_cropped.jpg 614,355,643,388,0
346_cropped.jpg 601,385,667,430,0
347_cropped.jpg 428,155,464,181,0 361,99,386,120,0 211,123,239,151,0 210,103,227,119,0 233,64,254,81,0 42,132,72,154,0 627,184,653,205,0 976,223,994,243,0 781,147,801,166,0 395,130,418,146,0
348_cropped.jpg 350,244,381,272,0 606,311,646,332,0 694,291,726,318,0 825,196,860,217,0 280,189,303,203,0 246,172,264,186,0 237,138,258,152,0 190,132,206,144,0 6,206,23,227,0 1,165,10,188,0 21,141,42,160,0 406,178,432,197,0 844,164,862,180,0
349_cropped.jpg 626,301,668,323,0 718,280,750,300,0 846,178,871,200,0 860,145,882,162,0 813,100,841,118,0 361,245,403,272,0 296,181,318,200,0 249,134,267,150,0 254,160,279,180,0 17,204,39,230,0 6,169,22,186,0 30,139,48,160,0 424,171,441,188,0
34_cropped.jpg 1591,214,1693,259,0
350_cropped.jpg 360,159,383,180,0 119,130,142,152,0 284,101,302,113,0 278,78,300,95,0 548,199,578,220,0 610,185,640,207,0 690,112,718,129,0 873,129,888,140,0
351_cropped.jpg 366,147,397,171,0 124,111,156,133,0 288,65,310,78,0 294,83,306,98,0 319,95,340,114,0 566,188,590,203,0 623,172,649,190,0 702,94,728,111,0 894,108,905,126,0
352_cropped.jpg 129,411,176,457,0 216,341,264,371,0 50,49,70,67,0 267,1,579,435,2
353_cropped.jpg 527,190,567,234,0 1,1,221,494,2
354_cropped.jpg 566,185,594,219,0 1,1,207,374,2
355_cropped.jpg 629,340,683,398,0
356_cropped.jpg 519,286,564,347,0 630,429,738,488,0
357_cropped.jpg 718,419,802,489,0 590,294,665,350,0
358_cropped.jpg 550,348,634,414,0 1,1,601,681,2
359_cropped.jpg 369,344,408,377,0 213,61,251,90,0 353,78,375,99,0 173,195,204,223,0 230,191,251,205,0 71,85,104,112,0
35_cropped.jpg 1725,359,1814,399,0
360_cropped.jpg 343,314,378,344,0 214,43,243,78,0 78,75,98,95,0 177,172,195,191,0 350,75,367,90,0
361_cropped.jpg 300,282,339,315,0 196,34,221,60,0 64,50,86,70,0 148,146,176,166,0 198,142,220,155,0 328,60,346,78,0
362_cropped.jpg 276,253,313,279,0 132,120,163,145,0 181,113,204,133,0 187,21,209,43,0 311,50,337,62,0 56,27,80,44,0
363_cropped.jpg 307,199,349,242,0 581,295,601,316,0 277,383,313,411,0 183,375,215,398,0 33,198,62,218,0 424,612,469,635,0
364_cropped.jpg 443,606,493,637,0 608,302,632,327,0 339,213,376,262,0 310,374,345,410,0 216,365,251,391,0 77,194,112,231,0 23,6,68,48,0
365_cropped.jpg 480,414,558,456,0 458,373,490,397,0
366_cropped.jpg 544,419,614,455,0 516,377,558,405,0
367_cropped.jpg 547,353,629,417,1
368_cropped.jpg 456,264,495,297,1
369_cropped.jpg 613,324,657,352,1
36_cropped.jpg 1870,344,1974,386,0
370_cropped.jpg 542,349,572,380,0 612,598,731,657,1
371_cropped.jpg 710,259,732,287,0
372_cropped.jpg 667,204,695,219,0
373_cropped.jpg 643,228,684,250,0
374_cropped.jpg 568,222,605,243,0
375_cropped.jpg 630,362,703,416,0
376_cropped.jpg 729,333,801,397,0
377_cropped.jpg 398,101,435,125,1
378_cropped.jpg 499,383,589,467,0
379_cropped.jpg 651,164,681,190,0
37_cropped.jpg 2037,248,2135,297,0
380_cropped.jpg 674,151,707,180,0 362,154,397,182,0
381_cropped.jpg 366,180,398,207,0 692,179,721,202,0
382_cropped.jpg 657,368,705,405,0
383_cropped.jpg 715,346,809,433,0
384_cropped.jpg 606,336,687,408,0
385_cropped.jpg 216,362,387,463,0
387_cropped.jpg 490,373,589,441,0
388_cropped.jpg 561,354,622,402,0
38_cropped.jpg 2197,184,2284,237,0
390_cropped.jpg 446,1,594,186,2
393_cropped.jpg 117,145,608,435,1
398_cropped.jpg 450,444,579,513,0
399_cropped.jpg 449,468,588,529,0
39_cropped.jpg 71,223,140,288,0
3_cropped.jpg 2046,1424,2095,1463,0
400_cropped.jpg 394,419,574,493,0
401_cropped.jpg 502,122,642,262,0
402_cropped.jpg 534,385,606,425,0 778,349,840,393,1 927,280,960,303,1
407_cropped.jpg 315,235,578,409,0
408_cropped.jpg 209,237,486,426,0
409_cropped.jpg 278,299,578,495,0
40_cropped.jpg 799,147,865,196,0
410_cropped.jpg 334,44,788,682,0
416_cropped.jpg 276,136,735,682,0
417_cropped.jpg 129,148,476,541,0
418_cropped.jpg 104,330,490,587,0
419_cropped.jpg 233,259,570,494,0
41_cropped.jpg 72,69,89,81,0
420_cropped.jpg 170,441,494,677,0
421_cropped.jpg 116,235,353,486,0
422_cropped.jpg 362,216,563,375,0
423_cropped.jpg 398,251,569,374,0
424_cropped.jpg 518,449,585,500,0
425_cropped.jpg 454,484,536,533,0
426_cropped.jpg 321,452,429,509,0 507,337,576,413,0 174,441,254,479,0
427_cropped.jpg 345,467,454,571,0 506,382,594,465,0 170,377,275,452,0
428_cropped.jpg 154,377,221,454,0 378,438,445,491,0 490,403,565,473,0
429_cropped.jpg 417,356,491,417,0 607,349,714,432,0 43,89,84,133,0 78,90,108,128,0
42_cropped.jpg 118,101,139,113,0
430_cropped.jpg 374,346,468,439,0 568,375,672,441,0 594,288,677,373,0
431_cropped.jpg 566,433,630,470,0 577,398,631,444,0 379,409,445,452,0
432_cropped.jpg 418,178,464,240,0
433_cropped.jpg 174,261,258,351,0
434_cropped.jpg 238,422,311,496,0
435_cropped.jpg 206,73,409,156,0
436_cropped.jpg 202,69,410,158,0
437_cropped.jpg 146,77,405,165,0
438_cropped.jpg 262,171,478,345,0 493,145,677,323,0
439_cropped.jpg 647,183,688,224,0
43_cropped.jpg 563,80,583,93,0
440_cropped.jpg 579,196,620,238,0
441_cropped.jpg 644,192,686,233,0
442_cropped.jpg 154,351,229,395,0 1,24,53,42,1 433,191,467,211,1 591,263,628,282,1 632,278,658,299,1 619,270,638,293,1 859,95,873,108,1 343,432,381,452,1 352,463,403,491,1 345,453,374,477,1 298,446,345,475,1 1,273,48,301,1 1,327,45,345,1 711,411,766,438,1 173,401,223,433,1 201,382,250,403,1
443_cropped.jpg 202,413,292,472,0 473,226,520,253,1 669,319,724,352,1 895,125,914,144,1 1,39,45,60,1 1,385,120,417,1 1,319,90,356,1 434,519,476,534,1 876,503,917,533,1 269,449,307,479,1 41,438,109,474,1 599,1,612,6,0
449_cropped.jpg 279,490,366,542,0 765,348,863,407,1 521,252,579,284,1 1,434,183,484,1 1,361,122,404,1 932,462,960,499,1 97,512,183,542,1 589,6,601,14,0 1,44,33,60,1 7,1,27,12,2
44_cropped.jpg 879,75,891,88,0
450_cropped.jpg 222,206,254,232,0 190,234,233,267,0 837,571,901,595,1 360,98,392,113,1 302,250,332,269,1 514,314,559,336,1 582,342,604,377,1
451_cropped.jpg 96,212,131,242,0 453,569,539,597,1 813,266,881,296,1 163,173,187,196,1 288,101,322,121,1
454_cropped.jpg 626,215,712,259,0 589,457,639,509,1 581,74,604,93,1
456_cropped.jpg 860,140,921,175,0 174,289,194,317,1 678,39,699,59,1 588,152,637,171,1
457_cropped.jpg 715,112,762,140,0 614,176,660,206,0 878,33,916,65,0 630,320,645,335,1 717,405,735,422,1 635,112,714,148,1 830,45,850,61,1 822,36,864,52,1 850,22,868,37,1 385,78,412,95,1
458_cropped.jpg 866,47,910,75,0 554,199,594,230,0 501,358,525,380,1 499,252,526,270,1 350,93,407,112,1 824,49,848,63,1 820,61,851,81,1 587,140,684,166,1 490,193,507,207,1 329,323,349,341,1 913,345,968,368,1
459_cropped.jpg 394,100,467,149,0 408,296,555,353,1 568,276,619,308,1 743,68,795,93,1 817,73,847,91,1 846,68,882,83,1 167,462,252,498,1 262,426,294,443,1 288,463,312,489,1 349,371,373,392,1 413,407,449,427,1 159,185,184,203,1 149,217,178,238,1 994,331,1014,347,1 832,225,891,253,1
45_cropped.jpg 1000,52,1014,65,0
460_cropped.jpg 984,182,1024,226,0 921,183,949,208,1 991,422,1024,440,1 973,38,1012,60,1 317,180,401,216,1 801,328,909,353,1 578,323,677,346,1 888,317,940,334,1 587,1,625,16,1 660,1,690,14,1 466,1,543,278,2
461_cropped.jpg 264,29,297,48,0
462_cropped.jpg 374,24,408,48,0 70,92,97,111,0
463_cropped.jpg 465,34,501,51,0 291,118,326,141,0 367,311,401,341,1 522,87,549,105,1 882,112,904,137,1 901,123,950,141,1 871,234,904,253,0
464_cropped.jpg 608,36,640,58,0 403,556,469,602,1 720,155,748,181,1 881,115,908,130,1
465_cropped.jpg 850,37,882,62,0
466_cropped.jpg 238,249,312,302,0 628,245,670,278,0 673,383,735,413,1 454,16,504,33,1
467_cropped.jpg 505,172,536,229,1 520,2,533,13,1
468_cropped.jpg 422,304,456,334,0
469_cropped.jpg 547,107,594,142,0 906,66,949,97,0 27,230,57,249,0
46_cropped.jpg 512,206,560,228,0
470_cropped.jpg 358,220,398,253,0
471_cropped.jpg 295,132,350,172,0
472_cropped.jpg 662,140,695,175,0 780,33,807,58,0
473_cropped.jpg 495,89,551,134,0
474_cropped.jpg 525,87,578,130,0
475_cropped.jpg 206,65,237,89,0 751,45,771,59,1
478_cropped.jpg 591,102,626,130,0 844,97,881,126,0
479_cropped.jpg 782,99,809,128,0 520,103,560,136,0 843,1,923,239,2 945,1,1024,233,2
47_cropped.jpg 509,254,558,274,0
480_cropped.jpg 689,95,722,124,0 421,103,458,132,0 835,1,909,214,2 935,1,1024,217,2
481_cropped.jpg 339,92,386,126,0 610,85,650,116,0 838,1,901,204,2
482_cropped.jpg 560,298,604,326,1 499,309,522,329,0 487,299,512,319,0
483_cropped.jpg 465,300,483,313,0 454,287,476,303,0 509,546,707,585,1 238,360,333,402,1 163,375,184,395,0 726,179,739,193,1 958,363,973,373,1
484_cropped.jpg 505,306,548,337,0 295,390,403,438,1 683,625,869,664,1
48_cropped.jpg 556,192,616,213,0
493_cropped.jpg 291,390,422,444,1 510,310,538,328,0
494_cropped.jpg 403,431,595,500,1 581,280,609,304,0 540,261,573,280,0 326,475,354,499,0 418,468,448,491,0 60,493,81,509,0 784,549,835,578,1 869,597,969,634,1 800,584,850,607,1
495_cropped.jpg 635,274,655,300,0
496_cropped.jpg 536,231,596,281,0 489,279,513,317,1
499_cropped.jpg 294,380,371,445,0 603,585,624,605,0 622,410,645,427,0 895,386,917,405,0 915,363,942,390,0
49_cropped.jpg 558,192,616,217,0
4_cropped.jpg 631,1467,710,1590,0
500_cropped.jpg 267,443,346,544,0
501_cropped.jpg 675,97,751,141,0 796,166,864,216,0
502_cropped.jpg 196,250,238,283,0
503_cropped.jpg 444,321,655,361,1 414,345,529,389,1
504_cropped.jpg 527,339,571,362,0 437,334,488,362,0
505_cropped.jpg 293,428,463,501,1 704,1,721,11,0
506_cropped.jpg 897,327,919,337,0 660,407,682,418,0 660,397,684,409,0 572,426,585,438,0 613,422,622,433,0 145,439,168,451,0 255,499,278,518,0 436,463,450,474,0 397,435,433,470,1 500,439,524,470,1 618,353,627,364,1 620,387,638,403,1 1,190,23,206,1 930,540,956,562,1 626,271,645,290,1 550,418,572,438,1 349,496,362,510,1
507_cropped.jpg 732,419,841,491,0
508_cropped.jpg 644,415,772,511,0
509_cropped.jpg 634,392,752,503,0
50_cropped.jpg 608,209,664,237,0
510_cropped.jpg 814,329,864,380,0
513_cropped.jpg 382,431,468,551,0 518,264,561,314,0 569,272,630,337,0 580,395,654,428,0 923,470,986,539,0 505,549,537,578,0 301,31,350,63,0 312,7,345,32,0 616,1,738,227,2 783,1,1024,236,2 1,565,111,638,2
514_cropped.jpg 510,374,587,433,0 580,364,639,436,0
518_cropped.jpg 213,507,261,553,0 735,210,767,251,0 618,255,652,285,0 211,185,236,199,1
519_cropped.jpg 823,544,884,598,0 226,164,262,201,0 332,565,351,577,0
51_cropped.jpg 611,236,661,266,0
520_cropped.jpg 348,332,411,368,0
521_cropped.jpg 264,364,279,375,0 703,300,708,305,1 483,620,497,626,1
522_cropped.jpg 309,697,358,762,0 156,667,194,711,1 653,530,686,601,1 511,678,533,701,1 519,1,535,10,1
523_cropped.jpg 203,327,232,356,0 863,440,910,484,0 775,459,805,480,1 492,167,499,177,1 357,216,430,231,1
524_cropped.jpg 350,154,445,257,0
525_cropped.jpg 448,112,497,172,0
52_cropped.jpg 453,348,517,394,1 789,367,872,436,1 763,320,786,338,1 948,355,1024,383,1 248,607,314,682,1
53_cropped.jpg 705,367,796,435,1 873,351,1024,390,1 375,339,455,383,1 682,310,725,339,1 166,593,195,621,1 416,295,444,305,1
54_cropped.jpg 367,309,383,323,0 664,331,706,390,1 448,324,469,343,1 522,323,573,341,1 316,493,387,539,1
55_cropped.jpg 365,314,381,329,0 658,328,696,391,1 447,324,465,349,1 512,327,560,347,1 305,484,375,522,1
56_cropped.jpg 463,277,494,309,0 145,298,175,319,0 630,209,644,220,1
57_cropped.jpg 463,275,495,310,0 148,280,178,310,0 637,202,648,214,1
58_cropped.jpg 521,518,555,547,1
59_cropped.jpg 676,372,721,396,0 366,215,410,240,1 499,284,560,302,1 615,253,640,266,1 676,261,695,279,1
5_cropped.jpg 1033,1269,1118,1356,0
60_cropped.jpg 626,407,668,436,0 664,254,692,271,1 405,198,497,234,1
61_cropped.jpg 635,425,680,454,0 453,198,517,236,1 704,254,727,270,1
62_cropped.jpg 576,325,610,344,0 517,146,576,176,1
63_cropped.jpg 544,334,579,355,0 522,146,589,180,1
64_cropped.jpg 448,430,491,453,0 632,87,730,123,1 838,163,873,190,1
65_cropped.jpg 403,444,451,475,0 652,90,742,126,1 855,162,877,188,1 968,134,999,164,1
66_cropped.jpeg 491,484,540,513,0
67_cropped.jpeg 161,477,214,511,0
68_cropped.jpg 247,240,279,260,0 722,67,766,94,1
69_cropped.jpg 321,394,373,426,0 586,483,666,540,1 692,229,781,300,1 383,267,430,304,1 478,203,517,234,1 311,71,442,111,1 182,208,242,258,1 235,415,282,472,1
6_cropped.jpg 1565,1137,1665,1231,0
70_cropped.jpg 232,439,284,471,0 485,542,560,600,1 640,272,731,349,1 307,295,376,342,1 441,243,479,267,1 138,239,198,283,1 481,472,524,499,1
71_cropped.jpg 701,447,748,477,0
72_cropped.jpg 649,463,692,494,0
73_cropped.jpg 647,439,695,474,0
74_cropped.jpg 642,425,689,467,0
75_cropped.jpg 517,187,542,204,0 612,147,622,156,0 887,137,894,144,0 348,122,356,130,0 530,123,538,130,0
76_cropped.jpg 542,202,569,220,0 842,247,848,254,0 632,157,642,172,0 623,188,632,197,0 645,189,651,197,0 362,130,371,139,0
77_cropped.jpg 541,210,562,226,0 842,256,857,270,0 619,171,636,182,0
78_cropped.jpg 631,256,655,274,0 694,216,710,229,0 611,1,660,112,2 119,1,165,103,2 862,591,878,607,0
79_cropped.jpg 646,373,683,401,0
80_cropped.jpg 664,360,696,388,0
81_cropped.jpg 659,322,692,359,0
82_cropped.jpg 484,392,504,412,0
83_cropped.jpg 710,378,745,400,0 470,433,504,452,0
84_cropped.jpg 511,334,559,365,0
85_cropped.jpg 597,332,630,365,0
86_cropped.jpg 677,330,708,363,0 981,1,1024,52,2
87_cropped.jpg 531,326,564,356,0 720,610,781,653,1 507,1,970,59,2
88_cropped.jpg 572,217,605,241,0
89_cropped.jpg 257,287,280,306,0 97,56,119,72,0 330,465,373,498,1
8_cropped.jpg 2037,1044,2120,1124,0 121,595,180,648,0
90_cropped.jpg 808,349,835,372,0 533,254,569,284,1 853,286,955,345,1 783,660,830,682,1
91_cropped.jpg 711,345,735,371,0 753,264,868,346,1 455,239,501,272,1 959,559,980,577,0 600,424,616,439,0 618,660,632,674,0 1013,608,1024,621,0 177,432,189,443,0 212,422,225,434,0 500,329,510,341,0 137,496,150,511,1
98_cropped.jpg 592,356,621,383,0 815,655,828,666,0 773,604,787,615,0 460,453,470,465,0 662,249,675,261,0 660,290,771,357,1 383,255,419,281,1 62,439,77,453,0 22,452,38,467,0 503,616,533,642,1
99_cropped.jpg 504,412,531,444,0 664,297,675,310,0 298,505,310,518,0 604,335,714,409,1 382,287,419,310,1